# generated by Slic3r 1.2.0 on Tue Oct 28 17:12:44 2014
bed_shape = 62.1576x6.53303,61.1342x12.9945,59.441x19.3136,57.0966x25.421,54.1266x31.25,50.5636x36.7366,46.4466x41.8207,41.8207x46.4466,36.7366x50.5636,31.25x54.1266,25.421x57.0966,19.3136x59.441,12.9945x61.1342,6.53303x62.1576,0x62.5,-6.53303x62.1576,-12.9945x61.1342,-19.3136x59.441,-25.421x57.0966,-31.25x54.1266,-36.7366x50.5636,-41.8207x46.4466,-46.4466x41.8207,-50.5636x36.7366,-54.1266x31.25,-57.0966x25.421,-59.441x19.3136,-61.1342x12.9945,-62.1576x6.53303,-62.5x0,-62.1576x-6.53303,-61.1342x-12.9945,-59.441x-19.3136,-57.0966x-25.421,-54.1266x-31.25,-50.5636x-36.7366,-46.4466x-41.8207,-41.8207x-46.4466,-36.7366x-50.5636,-31.25x-54.1266,-25.421x-57.0966,-19.3136x-59.441,-12.9945x-61.1342,-6.53303x-62.1576,0x-62.5,6.53303x-62.1576,12.9945x-61.1342,19.3136x-59.441,25.421x-57.0966,31.25x-54.1266,36.7366x-50.5636,41.8207x-46.4466,46.4466x-41.8207,50.5636x-36.7366,54.1266x-31.25,57.0966x-25.421,59.441x-19.3136,61.1342x-12.9945,62.1576x-6.53303,62.5x0
end_gcode = G92 E0 ; reset extruder\nG1 E-1 F1200 ; retract extruder by 1mm\nM104 S0 ; turn off extruder\nG28 ; home all axes\nM84 ; disable motors\nM84 S60 ; set deactivation time to 60s 
extruder_offset = 0x0
gcode_flavor = reprap
layer_gcode = 
nozzle_diameter = 0.4
retract_before_travel = 2
retract_layer_change = 0
retract_length = 4
retract_length_toolchange = 1.1
retract_lift = 1
retract_restart_extra = 0
retract_restart_extra_toolchange = 0
retract_speed = 30
start_gcode = M84 S0; disable motor deactivation\nG28 ; home all axes\n; G29 ; probe bed\nG92 E0 ; reset extruder\nG1 Z1 X40 Y40 F10000 ; park\nG1 Z0.5 F1000 ; park\n; G1 E3 F1200 ; prime extruder by 3mm\n; G1 E2 F1200 ; retract extruder by 1mm\nG92 E0
toolchange_gcode = 
use_firmware_retraction = 0
use_relative_e_distances = 0
vibration_limit = 0
wipe = 1
z_offset = 0
