# generated by Slic3r 1.2.1 on Sat Nov 22 22:53:18 2014
bed_shape = 87.0207x9.14624,85.5879x18.1923,83.2174x27.039,79.9352x35.5895,75.7772x43.75,70.789x51.4312,65.0252x58.5489,58.5489x65.0252,51.4312x70.789,43.75x75.7772,35.5895x79.9352,27.039x83.2174,18.1923x85.5879,9.14624x87.0207,0x87.5,-9.14624x87.0207,-18.1923x85.5879,-27.039x83.2174,-35.5895x79.9352,-43.75x75.7772,-51.4312x70.789,-58.5489x65.0252,-65.0252x58.5489,-70.789x51.4312,-75.7772x43.75,-79.9352x35.5895,-83.2174x27.039,-85.5879x18.1923,-87.0207x9.14624,-87.5x0,-87.0207x-9.14624,-85.5879x-18.1923,-83.2174x-27.039,-79.9352x-35.5895,-75.7772x-43.75,-70.789x-51.4312,-65.0252x-58.5489,-58.5489x-65.0252,-51.4312x-70.789,-43.75x-75.7772,-35.5895x-79.9352,-27.039x-83.2174,-18.1923x-85.5879,-9.14624x-87.0207,0x-87.5,9.14624x-87.0207,18.1923x-85.5879,27.039x-83.2174,35.5895x-79.9352,43.75x-75.7772,51.4312x-70.789,58.5489x-65.0252,65.0252x-58.5489,70.789x-51.4312,75.7772x-43.75,79.9352x-35.5895,83.2174x-27.039,85.5879x-18.1923,87.0207x-9.14624,87.5x0
end_gcode = G92 E0 ; reset extruder\nG1 E-1 F1200 ; retract extruder by 1mm\nM104 S0 ; turn off extruder\nM140 S0 ; make sure the bed is turned off.\nG28 ; home all\nM84 ; disable motors
extruder_offset = 0x0
gcode_flavor = reprap
layer_gcode = 
nozzle_diameter = 0.4
retract_before_travel = 2
retract_layer_change = 1
retract_length = 4
retract_length_toolchange = 10
retract_lift = 0.2
retract_restart_extra = 2
retract_restart_extra_toolchange = 0
retract_speed = 30
start_gcode = M104 S190 ; set hotend PLA temp\n; M106 S127 ; start fan at 50%\nG28 X0 Y0 ; home X/Y\nG29 ; probe bed\nG92 E0 ; reset extruder\nG1 E3 F1200 ; prime extruder by 3mm\nG1 E2 F1200 ; retract extruder by 1mm\nG92 E0
toolchange_gcode = 
use_firmware_retraction = 0
use_relative_e_distances = 0
vibration_limit = 0
wipe = 1
z_offset = 0
